556
533
509
485
461
438
415
394
375
357
343
329
320
312
308
306
307
312
319
329
341
357
373
392
413
434
457
480
504
527
550
573
594
614
632
648
661
672
680
685
687
686
683
676
667
655
641
625
606
587
564
542
518
494
470
446
424
402
382
363
348
333
322
314
308
306
305
309
315
324
335
348
365
382
402
423
445
468
491
516
538
562
583
604
622
639
654
665
676
682
687
688
687
683
675
665
652
637
619
599
578
555
533
508
485
461
438
415
394
375
357
342
329
319
312
308
307
308
313
320
331
342
358
375
393
414
435
458
481
504
528
551
573
594
614
632
648
661
672
680
685
687
686
683
676
667
655
641
625
606
587
564
542
518
494
470
446
424
401
382
363
347
333
322
314
308
306
310
315
324
336
349
366
383
403
424
446
469
493
517
540
564
585
606
625
641
655
666
676
682
686
688
686
682
674
665
651
636
618
598
577
554
532
507
484
460
437
414
394
374
356
342
328
319
312
308
307
308
313
320
331
342
357
374
392
413
434
458
481
505
529
552
575
595
616
633
649
661
672
680
684
687
685
682
676
667
656
642
626
607
587
564
542
518
494
469
445

