480
469
459
450
441
434
427
422
418
414
412
414
416
420
425
431
438
445
454
463
473
483
494
505
516
527
538
548
558
567
576
583
590
595
599
602
605
606
605
604
602
598
594
588
581
573
565
556
545
535
524
513
502
490
480
469
459
450
442
434
428
422
418
414
412
411
412
413
416
420
425
431
438
445
454
463
473
483
494
505
516
527
538
548
558
567
576
583
590
595
600
603
605
606
605
602
598
594
588
581
573
565
555
545
535
523
512
501
490
479
469
459
450
441
434
427
422
418
415
413
412
414
416
420
425
431
438
446
454
464
473
484
494
505
516
527
538
548
558
567
575
583
590
595
600
603
605
606
605
602
599
594
588
581
573
565
555
545
535
523
512
501
490
479
469
459
450
441
434
427
422
417
414
412
414
416
420
425
431
438
446
454
464
473
484
494
505
517
527
538
549
558
568
576
584
590
596
600
603
606
604
602
598
593
587
580
572
563
554
544
533
522
511
500
489
478
468
458
449
440
433
427
421
417
414
412
411
412
413
416
420
425
431
439
447
455
465
475
485
496
507
518
529
540
550
560
569
577
585
591
596
600
603
605
606
605
604
601
597
592
586
579
571
563
553
543
533
521
510
499
488
477
467
457
448
440
433
426
421
417
414
412
411
412
413
416
421
426
433
440
448
457
467
477
487
498
509
519
530
541
551
561
570
578
586
592
597
601
604
606
605
604
600
596
591
585
578
514
569
561
551
541
530
519
508
497
486
475
465
455
446
438
431
425
420
416
413
412
411
412
415
418
422
427
434
441
449
459
468
478
489
499
510
521
532
542
552
562
571
579
586
592
597
601
604
606
605
603
600
596
591
585

